0,1,1.0,0,b0019cw0he					
0,0,5.0,0,b0019cw0he					
0,0,5.0,0,b0019cw0he					
0,0,5.0,0,b0019cw0he					
0,0,5.0,0,b0019cw0he					
0,0,5.0,0,b0019cw0he					
0,0,5.0,0,b0019cw0he					
0,0,5.0,0,b0019cw0he					
0,0,5.0,0,b0019cw0he					
0,0,5.0,0,b0019cw0he					
0,0,5.0,0,b0019cw0he					
1,1,5.0,0,b0019cw0he					
1,1,5.0,0,b0019cw0he					
1,1,5.0,0,b0019cw0he					
4,4,5.0,0,b0019cw0he					
4,4,3.0,0,b0019cw0he					
5,5,3.0,0,b0019cw0he					
15,15,5.0,0,b003zfrkgo			
1,1,4.0,0,b0066dmi6y					
1,1,5.0,0,b0066dmi6y					
0,0,5.0,0,b005r8je8o					
0,0,3.0,0,b004x2kr36					
0,0,5.0,0,b004x2kr36					
0,0,5.0,0,b004x2kr36					
0,0,1.0,0,b001eppi84					
0,0,2.0,0,b001eppi84					
0,1,1.0,0,b0059wxjkm					
0,0,5.0,0,b006sqbrma					
1,1,5.0,0,b001gvisjc					
2,2,5.0,0,b001gvisjc					
0,2,5.0,0,b000e7vi7s					
0,0,3.0,0,b000e7vi7s					
0,1,2.0,0,b005dum9uq					
0,0,5.0,0,b005dum9uq					
1,1,5.0,0,b005dum9uq					
1,1,5.0,0,b005dum9uq					
3,3,5.0,0,b005dum9uq					
2,2,1.0,0,b001eo5tpm					
0,2,5.0,0,b004n5kulm					
2,4,3.0,0,b004n5kulm					
0,0,5.0,0,b004n5kulm					
0,0,5.0,0,b004n5kulm					
1,1,5.0,0,b004n5kulm					
2,2,5.0,0,b004n5kulm					
0,0,5.0,0,b002gwhc0g					
2,2,4.0,0,b002gwhc0g					
0,0,3.0,0,b000g6rpmy					
1,1,4.0,0,b000g6rpmy					
4,4,5.0,0,b000g6rpmy					
0,7,1.0,0,b001eo5qw8					
0,1,3.0,0,b001eo5qw8					
1,2,4.0,0,b001eo5qw8					
1,2,3.0,0,b001eo5qw8					
0,0,5.0,0,b001eo5qw8					
0,0,3.0,0,b001eo5qw8					
0,0,5.0,0,b001eo5qw8					
0,0,5.0,0,b001eo5qw8					
0,0,5.0,0,b001eo5qw8					
0,0,5.0,0,b001eo5qw8					
0,0,5.0,0,b001eo5qw8					
0,0,5.0,0,b001eo5qw8					
0,0,4.0,0,b001eo5qw8					
1,1,5.0,0,b001eo5qw8					
2,2,5.0,0,b001eo5qw8					
3,3,4.0,0,b001eo5qw8					
9,9,5.0,0,b001eo5qw8					
13,13,4.0,0,b001eo5qw8			
19,19,4.0,0,b001eo5qw8			
0,1,5.0,0,b003f6uo7k					
0,0,5.0,0,b003f6uo7k					
1,1,5.0,0,b0001pb9fy					
0,0,5.0,0,b00144c10s					
0,1,4.0,0,b001gvisjm					
0,1,1.0,0,b001gvisjm					
0,0,5.0,0,b001gvisjm					
0,0,5.0,0,b001gvisjm					
0,0,5.0,0,b001gvisjm					
0,0,5.0,0,b001gvisjm					
0,0,5.0,0,b001gvisjm					
0,0,5.0,0,b001gvisjm					
0,0,5.0,0,b001gvisjm					
0,0,5.0,0,b001gvisjm					
0,0,5.0,0,b001gvisjm					
0,0,2.0,0,b001gvisjm					
4,5,5.0,0,b001gvisjm					
4,5,5.0,0,b001gvisjm					
2,2,4.0,0,b001gvisjm					
1,1,1.0,0,b0009xlvg0					
4,4,5.0,0,b0009xlvg0					
1,1,5.0,0,b0001pb9fe					
0,0,5.0,0,b00171apva					
1,1,5.0,0,b000e7l2r4					
0,0,5.0,0,b006k2zz7k					
0,0,5.0,0,b006k2zz7k					
0,0,4.0,0,b006k2zz7k					
0,0,5.0,0,b006k2zz7k					
3,3,2.0,0,b000ua0qiq					
1,1,4.0,0,b000lqoch0					
0,0,1.0,0,b00813grg4					
1,1,5.0,0,b001e4kfg0					
