0,0,0.0,0,b0019cw0he					
0,0,0.0,0,b0019cw0he					
0,0,0.0,0,b0019cw0he					
0,0,0.0,0,b0019cw0he					
0,0,0.0,0,b0019cw0he					
0,0,0.0,0,b0019cw0he					
0,0,0.0,0,b0019cw0he					
0,0,0.0,0,b0019cw0he					
0,0,0.0,0,b0019cw0he					
0,0,0.0,0,b0019cw0he					
0,0,0.0,0,b0019cw0he					
0,0,0.0,0,b0019cw0he					
0,0,0.0,0,b0019cw0he					
0,0,0.0,0,b0019cw0he					
0,0,0.0,0,b0019cw0he					
0,0,0.0,0,b0019cw0he					
0,0,0.0,0,b0019cw0he					
0,0,0.0,0,b003zfrkgo					
0,0,0.0,0,b0066dmi6y					
0,0,0.0,0,b0066dmi6y					
0,0,0.0,0,b005r8je8o					
0,0,0.0,0,b004x2kr36					
0,0,0.0,0,b004x2kr36					
0,0,0.0,0,b004x2kr36					
0,0,0.0,0,b001eppi84					
0,0,0.0,0,b001eppi84					
0,0,0.0,0,b0059wxjkm					
0,0,0.0,0,b006sqbrma					
0,0,0.0,0,b001gvisjc					
0,0,0.0,0,b001gvisjc					
0,0,0.0,0,b000e7vi7s					
0,0,0.0,0,b000e7vi7s					
0,0,0.0,0,b005dum9uq					
0,0,0.0,0,b005dum9uq					
0,0,0.0,0,b005dum9uq					
0,0,0.0,0,b005dum9uq					
0,0,0.0,0,b005dum9uq					
0,0,0.0,0,b001eo5tpm					
0,0,0.0,0,b004n5kulm					
0,0,0.0,0,b004n5kulm					
0,0,0.0,0,b004n5kulm					
0,0,0.0,0,b004n5kulm					
0,0,0.0,0,b004n5kulm					
0,0,0.0,0,b004n5kulm					
0,0,0.0,0,b002gwhc0g					
0,0,0.0,0,b002gwhc0g					
0,0,0.0,0,b000g6rpmy					
0,0,0.0,0,b000g6rpmy					
0,0,0.0,0,b000g6rpmy					
0,0,0.0,0,b001eo5qw8					
0,0,0.0,0,b001eo5qw8					
0,0,0.0,0,b001eo5qw8					
0,0,0.0,0,b001eo5qw8					
0,0,0.0,0,b001eo5qw8					
0,0,0.0,0,b001eo5qw8					
0,0,0.0,0,b001eo5qw8					
0,0,0.0,0,b001eo5qw8					
0,0,0.0,0,b001eo5qw8					
0,0,0.0,0,b001eo5qw8					
0,0,0.0,0,b001eo5qw8					
0,0,0.0,0,b001eo5qw8					
0,0,0.0,0,b001eo5qw8					
0,0,0.0,0,b001eo5qw8					
0,0,0.0,0,b001eo5qw8					
0,0,0.0,0,b001eo5qw8					
0,0,0.0,0,b001eo5qw8					
0,0,0.0,0,b001eo5qw8					
0,0,0.0,0,b001eo5qw8					
0,0,0.0,0,b003f6uo7k					
0,0,0.0,0,b003f6uo7k					
0,0,0.0,0,b0001pb9fy					
0,0,0.0,0,b00144c10s					
0,0,0.0,0,b001gvisjm					
0,0,0.0,0,b001gvisjm					
0,0,0.0,0,b001gvisjm					
0,0,0.0,0,b001gvisjm					
0,0,0.0,0,b001gvisjm					
0,0,0.0,0,b001gvisjm					
0,0,0.0,0,b001gvisjm					
0,0,0.0,0,b001gvisjm					
0,0,0.0,0,b001gvisjm					
0,0,0.0,0,b001gvisjm					
0,0,0.0,0,b001gvisjm					
0,0,0.0,0,b001gvisjm					
0,0,0.0,0,b001gvisjm					
0,0,0.0,0,b001gvisjm					
0,0,0.0,0,b001gvisjm					
0,0,0.0,0,b0009xlvg0					
0,0,0.0,0,b0009xlvg0					
0,0,0.0,0,b0001pb9fe					
0,0,0.0,0,b00171apva					
0,0,0.0,0,b000e7l2r4					
0,0,0.0,0,b006k2zz7k					
0,0,0.0,0,b006k2zz7k					
0,0,0.0,0,b006k2zz7k					
0,0,0.0,0,b006k2zz7k					
0,0,0.0,0,b000ua0qiq					
0,0,0.0,0,b000lqoch0					
0,0,0.0,0,b00813grg4					
0,0,0.0,0,b001e4kfg0					
