0,0,0.0,0,b006f2nyi2					
0,0,0.0,0,b006f2nyi2					
0,0,0.0,0,b006f2nyi2					
0,0,0.0,0,b006f2nyi2					
0,0,0.0,0,b006f2nyi2					
0,0,0.0,0,b006f2nyi2					
0,0,0.0,0,b006f2nyi2					
0,0,0.0,0,b006f2nyi2					
0,0,0.0,0,b006f2nyi2					
0,0,0.0,0,b006f2nyi2					
0,0,0.0,0,b006f2nyi2					
0,0,0.0,0,b006f2nyi2					
0,0,0.0,0,b006f2nyi2					
0,0,0.0,0,b0048iacb2					
0,0,0.0,0,b00473ov2e					
0,0,0.0,0,b00473ov2e					
0,0,0.0,0,b004dtnju2					
0,0,0.0,0,b004dtnju2					
0,0,0.0,0,b004dtnju2					
0,0,0.0,0,b001eq4dvq					
0,0,0.0,0,b001eq4dvq					
0,0,0.0,0,b001eq4dvq					
0,0,0.0,0,b001eq4dvq					
0,0,0.0,0,b001eq4dvq					
0,0,0.0,0,b001eq4dvq					
0,0,0.0,0,b001eq4dvq					
0,0,0.0,0,b001eq4dvq					
0,0,0.0,0,b000f0g75w					
0,0,0.0,0,b0002xib2y					
0,0,0.0,0,b0002xib2y					
0,0,0.0,0,b0002xib2y					
0,0,0.0,0,b0002xib2y					
0,0,0.0,0,b00448snsa					
0,0,0.0,0,b005nexk6y					
0,0,0.0,0,b005nexk6y					
0,0,0.0,0,b005nexk6y					
0,0,0.0,0,b000yt5dbs					
0,0,0.0,0,b000s806vm					
0,0,0.0,0,b000s806vm					
0,0,0.0,0,b000s806vm					
0,0,0.0,0,b000s806vm					
0,0,0.0,0,b000s806vm					
0,0,0.0,0,b000s806vm					
0,0,0.0,0,b000s806vm					
0,0,0.0,0,b000s806vm					
0,0,0.0,0,b000s806vm					
0,0,0.0,0,b000s806vm					
0,0,0.0,0,b002e0rihm					
0,0,0.0,0,b002e0rihm					
0,0,0.0,0,b002e0rihm					
0,0,0.0,0,b000mtiyf2					
0,0,0.0,0,b003kdcjyy					
0,0,0.0,0,b000er6yo0					
0,0,0.0,0,b000er6yo0					
0,0,0.0,0,b000er6yo0					
0,0,0.0,0,b000er6yo0					
0,0,0.0,0,b000er6yo0					
0,0,0.0,0,b000er6yo0					
0,0,0.0,0,b000er6yo0					
0,0,0.0,0,b000er6yo0					
0,0,0.0,0,b000er6yo0					
0,0,0.0,0,b000er6yo0					
0,0,0.0,0,b000er6yo0					
0,0,0.0,0,b000er6yo0					
0,0,0.0,0,b000er6yo0					
0,0,0.0,0,b000er6yo0					
0,0,0.0,0,b000er6yo0					
0,0,0.0,0,b000er6yo0					
0,0,0.0,0,b000er6yo0					
0,0,0.0,0,b000er6yo0					
0,0,0.0,0,b000er6yo0					
0,0,0.0,0,b000er6yo0					
0,0,0.0,0,b000er6yo0					
0,0,0.0,0,b000er6yo0					
0,0,0.0,0,b000er6yo0					
0,0,0.0,0,b000er6yo0					
0,0,0.0,0,b000er6yo0					
0,0,0.0,0,b000er6yo0					
0,0,0.0,0,b000er6yo0					
0,0,0.0,0,b000er6yo0					
0,0,0.0,0,b000er6yo0					
0,0,0.0,0,b000er6yo0					
0,0,0.0,0,b000er6yo0					
0,0,0.0,0,b000er6yo0					
0,0,0.0,0,b000er6yo0					
0,0,0.0,0,b000er6yo0					
0,0,0.0,0,b000er6yo0					
0,0,0.0,0,b000er6yo0					
0,0,0.0,0,b000er6yo0					
0,0,0.0,0,b000er6yo0					
0,0,0.0,0,b000er6yo0					
0,0,0.0,0,b000er6yo0					
0,0,0.0,0,b000er6yo0					
0,0,0.0,0,b000er6yo0					
0,0,0.0,0,b000er6yo0					
0,0,0.0,0,b000er6yo0					
0,0,0.0,0,b000er6yo0					
0,0,0.0,0,b000er6yo0					
0,0,0.0,0,b000er6yo0					
0,0,0.0,0,b000er6yo0					
0,0,0.0,0,b000er6yo0					
0,0,0.0,0,b002dxzi40					
0,0,0.0,0,b001ell9xg					
0,0,0.0,0,b001ell9xg					
0,0,0.0,0,b001ell9xg					
0,0,0.0,0,b0041qihc2					
0,0,0.0,0,b0041qihc2					
0,0,0.0,0,b0041qihc2					
0,0,0.0,0,b000hdmuq2					
0,0,0.0,0,b000hdmuq2					
0,0,0.0,0,b000hdmuq2					
0,0,0.0,0,b000hdmuq2					
0,0,0.0,0,b000hdmuq2					
0,0,0.0,0,b000hdmuq2					
0,0,0.0,0,b000hdmuq2					
0,0,0.0,0,b000hdmuq2					
0,0,0.0,0,b000hdmuq2					
0,0,0.0,0,b000hdmuq2					
0,0,0.0,0,b000hdmuq2					
0,0,0.0,0,b000hdmuq2					
0,0,0.0,0,b000hdmuq2					
0,0,0.0,0,b000hdmuq2					
0,0,0.0,0,b000hdmuq2					
0,0,0.0,0,b000hdmuq2					
0,0,0.0,0,b000hdmuq2					
0,0,0.0,0,b000hdmuq2					
0,0,0.0,0,b000hdmuq2					
0,0,0.0,0,b000hdmuq2					
0,0,0.0,0,b000vkyktg					
0,0,0.0,0,b000vkyktg					
0,0,0.0,0,b000vkyktg					
0,0,0.0,0,b000vkyktg					
0,0,0.0,0,b000vkyktg					
0,0,0.0,0,b000vkyktg					
0,0,0.0,0,b000vkyktg					
0,0,0.0,0,b000vkyktg					
0,0,0.0,0,b000vkyktg					
0,0,0.0,0,b000vkyktg					
0,0,0.0,0,b000vkyktg					
0,0,0.0,0,b000vkyktg					
0,0,0.0,0,b000vkyktg					
0,0,0.0,0,b000vkyktg					
0,0,0.0,0,b000vkyktg					
0,0,0.0,0,b000vkyktg					
0,0,0.0,0,b0007ng568					
0,0,0.0,0,b0007ng568					
0,0,0.0,0,b0007ng568					
0,0,0.0,0,b0007ng568					
0,0,0.0,0,b0007ng568					
0,0,0.0,0,b0041ckrjc					
0,0,0.0,0,b0041ckrjc					
0,0,0.0,0,b0041ckrjc					
0,0,0.0,0,b0041ckrjc					
0,0,0.0,0,b000uwsqt0					
0,0,0.0,0,b000uwsqt0					
0,0,0.0,0,b000uwsqt0					
0,0,0.0,0,b000uwsqt0					
0,0,0.0,0,b000uwsqt0					
0,0,0.0,0,b001ell9x6					
0,0,0.0,0,b001ell9x6					
0,0,0.0,0,b001ell9x6					
0,0,0.0,0,b001ell9x6					
0,0,0.0,0,b001ell9x6					
0,0,0.0,0,b001ell9x6					
0,0,0.0,0,b001ell9x6					
0,0,0.0,0,b001ell9x6					
0,0,0.0,0,b001ell9x6					
0,0,0.0,0,b000ixuiss					
0,0,0.0,0,b000ixuiss					
0,0,0.0,0,b001eq55bi					
0,0,0.0,0,b0007ng56i					
0,0,0.0,0,b0007ng56i					
0,0,0.0,0,b0007ng56i					
0,0,0.0,0,b003ao5dlo					
0,0,0.0,0,b003ao5dlo					
0,0,0.0,0,b003ao5dlo					
0,0,0.0,0,b003ao5dlo					
0,0,0.0,0,b003ao5dlo					
0,0,0.0,0,b003ao5dlo					
0,0,0.0,0,b003ao5dlo					
0,0,0.0,0,b003ao5dlo					
0,0,0.0,0,b003ao5dlo					
0,0,0.0,0,b003ao5dlo					
0,0,0.0,0,b004et7mg8					
0,0,0.0,0,b004et7mg8					
0,0,0.0,0,b004et7mg8					
0,0,0.0,0,b004et7mg8					
0,0,0.0,0,b004et7mg8					
0,0,0.0,0,b0030c9a60					
0,0,0.0,0,b0030c9a60					
0,0,0.0,0,b0030c9a60					
0,0,0.0,0,b0030c9a60					
0,0,0.0,0,b0030c9a60					
0,0,0.0,0,b004s0aqha					
0,0,0.0,0,b004s0aqha					
0,0,0.0,0,b004s0aqha					
0,0,0.0,0,b004s0aqha					
0,0,0.0,0,b0067r3q9m					
0,0,0.0,0,b00285ff6o					
0,0,0.0,0,b00285ff6o					
0,0,0.0,0,b00285ff6o					
0,0,0.0,0,b00285ff6o					
0,0,0.0,0,b00285ff6o					
0,0,0.0,0,b00285ff6o					
0,0,0.0,0,b00285ff6o					
0,0,0.0,0,b00285ff6o					
0,0,0.0,0,b000uzmjzo					
0,0,0.0,0,b000uzmjzo					
0,0,0.0,0,b000uzmjzo					
0,0,0.0,0,b000uzmjzo					
0,0,0.0,0,b0018dqfpc					
0,0,0.0,0,b0018dqfpc					
0,0,0.0,0,b0018dqfpc					
0,0,0.0,0,b0018dqfpc					
0,0,0.0,0,b0018dqfpc					
0,0,0.0,0,b0018dqfpc					
0,0,0.0,0,b0018dqfpc					
0,0,0.0,0,b0018dqfpc					
0,0,0.0,0,b0018dqfpc					
0,0,0.0,0,b002guwbmc					
0,0,0.0,0,b002onivx4					
0,0,0.0,0,b007zeny5w					
0,0,0.0,0,b000wfm204					
0,0,0.0,0,b001fkqqdo					
0,0,0.0,0,b002kxdk48					
0,0,0.0,0,b005mzijbu					
0,0,0.0,0,b005yndiaw					
0,0,0.0,0,b000nf69zm					
0,0,0.0,0,b000nf69zm					
0,0,0.0,0,b000nf69zm					
0,0,0.0,0,b001eppe42					
0,0,0.0,0,b0016j4qko					
0,0,0.0,0,b009hinrx8					
0,0,0.0,0,b009hinrx8					
0,0,0.0,0,b009hinrx8					
0,0,0.0,0,b009hinrx8					
0,0,0.0,0,b009hinrx8					
0,0,0.0,0,b009hinrx8					
0,0,0.0,0,b006jwqfc0					
0,0,0.0,0,b006jwqfc0					
0,0,0.0,0,b0035ye9cs					
0,0,0.0,0,b0035ye9cs					
0,0,0.0,0,b0035ye9cs					
0,0,0.0,0,b0035ye9cs					
0,0,0.0,0,b0035ye9cs					
0,0,0.0,0,b0035ye9cs					
0,0,0.0,0,b0035ye9cs					
0,0,0.0,0,b0035ye9cs					
0,0,0.0,0,b0035ye9cs					
0,0,0.0,0,b004wjaube					
0,0,0.0,0,b000y2ejhy					
0,0,0.0,0,b000y2ejhy					
0,0,0.0,0,b000qwxg9o					
0,0,0.0,0,b001lo4zwi					
0,0,0.0,0,b001lo4zwi					
0,0,0.0,0,b005y0dxbo					
0,0,0.0,0,b001bb3lw6					
0,0,0.0,0,b001bb3lw6					
0,0,0.0,0,b001htkz5s					
0,0,0.0,0,b001htkz5s					
0,0,0.0,0,b001htkz5s					
0,0,0.0,0,b001htkz5s					
0,0,0.0,0,b001htkz5s					
0,0,0.0,0,b001htkz5s					
0,0,0.0,0,b001htkz5s					
0,0,0.0,0,b004a8qk98					
0,0,0.0,0,b004a8qk98					
0,0,0.0,0,b007p2psks					
0,0,0.0,0,b002u56jxk					
0,0,0.0,0,b002u56jxk					
0,0,0.0,0,b008begp9w					
0,0,0.0,0,b008begp9w					
0,0,0.0,0,b001f33upi					
0,0,0.0,0,b001f33upi					
0,0,0.0,0,b000g6mbx2					
0,0,0.0,0,b000g6mbx2					
0,0,0.0,0,b000g6mbx2					
0,0,0.0,0,b000g6mbx2					
0,0,0.0,0,b000g6mbx2					
0,0,0.0,0,b000g6mbx2					
0,0,0.0,0,b000g6mbx2					
0,0,0.0,0,b000g6mbx2					
0,0,0.0,0,b000g6mbx2					
0,0,0.0,0,b000g6mbx2					
0,0,0.0,0,b000g6mbx2					
0,0,0.0,0,b000g6mbx2					
0,0,0.0,0,b000g6mbx2					
0,0,0.0,0,b000g6mbx2					
0,0,0.0,0,b000g6mbx2					
0,0,0.0,0,b000g6mbx2					
0,0,0.0,0,b000g6mbx2					
0,0,0.0,0,b000g6mbx2					
0,0,0.0,0,b000g6mbx2					
0,0,0.0,0,b000g6mbx2					
0,0,0.0,0,b000g6mbx2					
0,0,0.0,0,b000g6mbx2					
0,0,0.0,0,b000g6mbx2					
0,0,0.0,0,b000g6mbx2					
0,0,0.0,0,b000g6mbx2					
0,0,0.0,0,b000g6mbx2					
0,0,0.0,0,b000g6mbx2					
0,0,0.0,0,b000g6mbx2					
0,0,0.0,0,b000g6mbx2					
0,0,0.0,0,b000g6mbx2					
0,0,0.0,0,b000g6mbx2					
0,0,0.0,0,b000g6mbx2					
0,0,0.0,0,b000g6mbx2					
0,0,0.0,0,b000g6mbx2					
0,0,0.0,0,b000g6mbx2					
0,0,0.0,0,b000g6mbx2					
0,0,0.0,0,b000g6mbx2					
0,0,0.0,0,b000g6mbx2					
0,0,0.0,0,b000g6mbx2					
0,0,0.0,0,b000g6mbx2					
0,0,0.0,0,b000g6mbx2					
0,0,0.0,0,b000g6mbx2					
0,0,0.0,0,b000g6mbx2					
0,0,0.0,0,b000g6mbx2					
0,0,0.0,0,b000g6mbx2					
0,0,0.0,0,b000g6mbx2					
0,0,0.0,0,b000g6mbx2					
0,0,0.0,0,b000g6mbx2					
0,0,0.0,0,b000g6mbx2					
0,0,0.0,0,b000g6mbx2					
0,0,0.0,0,b000g6mbx2					
0,0,0.0,0,b000g6mbx2					
0,0,0.0,0,b00112b9t2					
0,0,0.0,0,b002bcd2og					
0,0,0.0,0,b002bcd2og					
0,0,0.0,0,b002bcd2og					
0,0,0.0,0,b002bcd2og					
0,0,0.0,0,b002bcd2og					
0,0,0.0,0,b002bcd2og					
0,0,0.0,0,b002bcd2og					
0,0,0.0,0,b002bcd2og					
0,0,0.0,0,b002bcd2og					
0,0,0.0,0,b002bcd2og					
0,0,0.0,0,b002bcd2og					
0,0,0.0,0,b002bcd2og					
0,0,0.0,0,b002bcd2og					
0,0,0.0,0,b002bcd2og					
0,0,0.0,0,b002bcd2og					
0,0,0.0,0,b002bcd2og					
0,0,0.0,0,b002bcd2og					
0,0,0.0,0,b002bcd2og					
0,0,0.0,0,b002bcd2og					
0,0,0.0,0,b002bcd2og					
0,0,0.0,0,b002u56jxu					
0,0,0.0,0,b002u56jxu					
0,0,0.0,0,b001eppcnk					
0,0,0.0,0,b001eppcnk					
0,0,0.0,0,b007sesjwc					
0,0,0.0,0,b0025z7cgi					
0,0,0.0,0,b002hqh04o					
0,0,0.0,0,b002hqh04o					
0,0,0.0,0,b007f96qqq					
0,0,0.0,0,b001eppfgo					
0,0,0.0,0,b001eppfgo					
0,0,0.0,0,b001eppfgo					
0,0,0.0,0,b001eppfgo					
0,0,0.0,0,b001eppfgo					
0,0,0.0,0,b000g6ryne					
0,0,0.0,0,b000g6ryne					
0,0,0.0,0,b000g6ryne					
0,0,0.0,0,b000g6ryne					
0,0,0.0,0,b000g6ryne					
0,0,0.0,0,b000g6ryne					
0,0,0.0,0,b000g6ryne					
0,0,0.0,0,b000g6ryne					
0,0,0.0,0,b000g6ryne					
0,0,0.0,0,b000g6ryne					
0,0,0.0,0,b000g6ryne					
0,0,0.0,0,b000g6ryne					
0,0,0.0,0,b000g6ryne					
0,0,0.0,0,b000g6ryne					
0,0,0.0,0,b000g6ryne					
0,0,0.0,0,b000g6ryne					
0,0,0.0,0,b000g6ryne					
0,0,0.0,0,b000g6ryne					
0,0,0.0,0,b000g6ryne					
0,0,0.0,0,b000g6ryne					
0,0,0.0,0,b000g6ryne					
0,0,0.0,0,b000g6ryne					
0,0,0.0,0,b000g6ryne					
0,0,0.0,0,b000g6ryne					
0,0,0.0,0,b000g6ryne					
0,0,0.0,0,b000g6ryne					
0,0,0.0,0,b000g6ryne					
0,0,0.0,0,b000g6ryne					
0,0,0.0,0,b000g6ryne					
0,0,0.0,0,b000g6ryne					
0,0,0.0,0,b000g6ryne					
0,0,0.0,0,b000g6ryne					
0,0,0.0,0,b000g6ryne					
0,0,0.0,0,b000g6ryne					
0,0,0.0,0,b000g6ryne					
0,0,0.0,0,b000g6ryne					
0,0,0.0,0,b000g6ryne					
0,0,0.0,0,b000g6ryne					
0,0,0.0,0,b000g6ryne					
0,0,0.0,0,b000g6ryne					
0,0,0.0,0,b000g6ryne					
0,0,0.0,0,b000g6ryne					
0,0,0.0,0,b000g6ryne					
0,0,0.0,0,b000g6ryne					
0,0,0.0,0,b000g6ryne					
0,0,0.0,0,b000g6ryne					
0,0,0.0,0,b000g6ryne					
0,0,0.0,0,b000g6ryne					
0,0,0.0,0,b000g6ryne					
0,0,0.0,0,b000g6ryne					
0,0,0.0,0,b000g6ryne					
0,0,0.0,0,b000g6ryne					
0,0,0.0,0,b000g6ryne					
0,0,0.0,0,b000g6ryne					
0,0,0.0,0,b000g6ryne					
0,0,0.0,0,b000g6ryne					
0,0,0.0,0,b000g6ryne					
0,0,0.0,0,b000g6ryne					
0,0,0.0,0,b000g6ryne					
0,0,0.0,0,b000g6ryne					
0,0,0.0,0,b000g6ryne					
0,0,0.0,0,b000g6ryne					
0,0,0.0,0,b000g6ryne					
0,0,0.0,0,b000g6ryne					
0,0,0.0,0,b000g6ryne					
0,0,0.0,0,b000g6ryne					
0,0,0.0,0,b000g6ryne					
0,0,0.0,0,b000g6ryne					
0,0,0.0,0,b000g6ryne					
0,0,0.0,0,b000g6ryne					
0,0,0.0,0,b000g6ryne					
0,0,0.0,0,b000g6ryne					
0,0,0.0,0,b000g6ryne					
0,0,0.0,0,b000g6ryne					
0,0,0.0,0,b000g6ryne					
0,0,0.0,0,b000g6ryne					
0,0,0.0,0,b000g6ryne					
0,0,0.0,0,b000g6ryne					
0,0,0.0,0,b000g6ryne					
0,0,0.0,0,b000g6ryne					
0,0,0.0,0,b000g6ryne					
0,0,0.0,0,b000g6ryne					
0,0,0.0,0,b000g6ryne					
0,0,0.0,0,b000g6ryne					
0,0,0.0,0,b000g6ryne					
0,0,0.0,0,b000g6ryne					
0,0,0.0,0,b000g6ryne					
0,0,0.0,0,b000g6ryne					
0,0,0.0,0,b000g6ryne					
0,0,0.0,0,b000g6ryne					
0,0,0.0,0,b000g6ryne					
0,0,0.0,0,b000g6ryne					
0,0,0.0,0,b000g6ryne					
0,0,0.0,0,b000g6ryne					
0,0,0.0,0,b000g6ryne					
0,0,0.0,0,b000g6ryne					
0,0,0.0,0,b000g6ryne					
0,0,0.0,0,b000g6ryne					
0,0,0.0,0,b000g6ryne					
0,0,0.0,0,b000g6ryne					
0,0,0.0,0,b000g6ryne					
0,0,0.0,0,b000g6ryne					
0,0,0.0,0,b000g6ryne					
0,0,0.0,0,b000g6ryne					
0,0,0.0,0,b000g6ryne					
0,0,0.0,0,b000g6ryne					
0,0,0.0,0,b000g6ryne					
0,0,0.0,0,b000g6ryne					
0,0,0.0,0,b000g6ryne					
0,0,0.0,0,b000g6ryne					
0,0,0.0,0,b000g6ryne					
0,0,0.0,0,b000g6ryne					
0,0,0.0,0,b000g6ryne					
0,0,0.0,0,b000g6ryne					
0,0,0.0,0,b000g6ryne					
0,0,0.0,0,b000g6ryne					
0,0,0.0,0,b000g6ryne					
0,0,0.0,0,b000g6ryne					
0,0,0.0,0,b000g6ryne					
0,0,0.0,0,b000g6ryne					
0,0,0.0,0,b000g6ryne					
0,0,0.0,0,b000g6ryne					
0,0,0.0,0,b000g6ryne					
0,0,0.0,0,b000g6ryne					
0,0,0.0,0,b000g6ryne					
0,0,0.0,0,b000g6ryne					
0,0,0.0,0,b000g6ryne					
0,0,0.0,0,b000g6ryne					
0,0,0.0,0,b000g6ryne					
0,0,0.0,0,b000g6ryne					
0,0,0.0,0,b000g6ryne					
0,0,0.0,0,b000g6ryne					
0,0,0.0,0,b000g6ryne					
0,0,0.0,0,b000g6ryne					
0,0,0.0,0,b000g6ryne					
0,0,0.0,0,b000g6ryne					
0,0,0.0,0,b000g6ryne					
0,0,0.0,0,b000g6ryne					
0,0,0.0,0,b000g6ryne					
0,0,0.0,0,b000g6ryne					
0,0,0.0,0,b000g6ryne					
0,0,0.0,0,b000g6ryne					
0,0,0.0,0,b000g6ryne					
0,0,0.0,0,b000g6ryne					
0,0,0.0,0,b000g6ryne					
0,0,0.0,0,b000g6ryne					
0,0,0.0,0,b000g6ryne					
0,0,0.0,0,b000g6ryne					
0,0,0.0,0,b000g6ryne					
0,0,0.0,0,b000g6ryne					
0,0,0.0,0,b000g6ryne					
0,0,0.0,0,b000g6ryne					
0,0,0.0,0,b000g6ryne					
0,0,0.0,0,b000g6ryne					
0,0,0.0,0,b000g6ryne					
0,0,0.0,0,b000g6ryne					
0,0,0.0,0,b000g6ryne					
0,0,0.0,0,b000g6ryne					
0,0,0.0,0,b000g6ryne					
0,0,0.0,0,b000g6ryne					
0,0,0.0,0,b000g6ryne					
0,0,0.0,0,b000g6ryne					
0,0,0.0,0,b000g6ryne					
0,0,0.0,0,b000g6ryne					
0,0,0.0,0,b000g6ryne					
0,0,0.0,0,b000g6ryne					
0,0,0.0,0,b000g6ryne					
0,0,0.0,0,b000g6ryne					
0,0,0.0,0,b000g6ryne					
0,0,0.0,0,b000g6ryne					
0,0,0.0,0,b000g6ryne					
0,0,0.0,0,b000g6ryne					
0,0,0.0,0,b000g6ryne					
0,0,0.0,0,b000g6ryne					
0,0,0.0,0,b000g6ryne					
0,0,0.0,0,b000g6ryne					
0,0,0.0,0,b000g6ryne					
0,0,0.0,0,b000g6ryne					
0,0,0.0,0,b000g6ryne					
0,0,0.0,0,b000g6ryne					
0,0,0.0,0,b000g6ryne					
0,0,0.0,0,b000g6ryne					
0,0,0.0,0,b000g6ryne					
0,0,0.0,0,b000g6ryne					
0,0,0.0,0,b000g6ryne					
0,0,0.0,0,b000g6ryne					
0,0,0.0,0,b000g6ryne					
0,0,0.0,0,b000g6ryne					
0,0,0.0,0,b000g6ryne					
0,0,0.0,0,b000g6ryne					
0,0,0.0,0,b000g6ryne					
0,0,0.0,0,b000g6ryne					
0,0,0.0,0,b000g6ryne					
0,0,0.0,0,b000g6ryne					
0,0,0.0,0,b000g6ryne					
0,0,0.0,0,b000g6ryne					
0,0,0.0,0,b000g6ryne					
0,0,0.0,0,b000g6ryne					
0,0,0.0,0,b000g6ryne					
0,0,0.0,0,b000g6ryne					
0,0,0.0,0,b000g6ryne					
0,0,0.0,0,b000g6ryne					
0,0,0.0,0,b000g6ryne					
0,0,0.0,0,b000g6ryne					
0,0,0.0,0,b000g6ryne					
0,0,0.0,0,b000g6ryne					
0,0,0.0,0,b000g6ryne					
0,0,0.0,0,b000g6ryne					
0,0,0.0,0,b000g6ryne					
0,0,0.0,0,b000g6ryne					
0,0,0.0,0,b000g6ryne					
0,0,0.0,0,b000g6ryne					
0,0,0.0,0,b000g6ryne					
0,0,0.0,0,b000g6ryne					
0,0,0.0,0,b000g6ryne					
0,0,0.0,0,b000g6ryne					
0,0,0.0,0,b000g6ryne					
0,0,0.0,0,b004x8tk8i					
0,0,0.0,0,b004x8tk8i					
0,0,0.0,0,b004x8tk8i					
0,0,0.0,0,b004x8tk8i					
0,0,0.0,0,b000sej842					
0,0,0.0,0,b005cfc9xy					
0,0,0.0,0,b005wu7v00					
0,0,0.0,0,b003xv5lhk					
0,0,0.0,0,b00061kyvi					
0,0,0.0,0,b00061kyvi					
0,0,0.0,0,b00061kyvi					
0,0,0.0,0,b0089pi9oc					
0,0,0.0,0,b001izm8a6					
0,0,0.0,0,b001izm8a6					
0,0,0.0,0,b003d4o92k					
0,0,0.0,0,b003d4o92k					
0,0,0.0,0,b000c21oom					
0,0,0.0,0,b00250i0eg					
0,0,0.0,0,b006cgurwm					
0,0,0.0,0,b001ell6o8					
0,0,0.0,0,b001ell6o8					
0,0,0.0,0,b001ell6o8					
0,0,0.0,0,b001ell6o8					
0,0,0.0,0,b001ell6o8					
0,0,0.0,0,b001ell6o8					
0,0,0.0,0,b001ell6o8					
0,0,0.0,0,b001ell6o8					
0,0,0.0,0,b001ell6o8					
0,0,0.0,0,b001fa1mco					
0,0,0.0,0,b001fa1mco					
0,0,0.0,0,b003xt4av0					
0,0,0.0,0,b003xt4av0					
0,0,0.0,0,b001esoqa2					
0,0,0.0,0,b001esoqam					
0,0,0.0,0,b001esoqam					
0,0,0.0,0,b001esoqam					
0,0,0.0,0,b001esoqam					
0,0,0.0,0,b004avyuow					
0,0,0.0,0,b000uxa3l8					
0,0,0.0,0,b000uxa3l8					
0,0,0.0,0,b003yxwaf8					
0,0,0.0,0,b003yxwaf8					
0,0,0.0,0,b003yxwaf8					
0,0,0.0,0,b003yxwaf8					
0,0,0.0,0,b003yxwaf8					
0,0,0.0,0,b003yxwaf8					
0,0,0.0,0,b0087hw5e2					
0,0,0.0,0,b0057ftbyo					
0,0,0.0,0,b002o3vhxu					
0,0,0.0,0,b002o3vhxu					
0,0,0.0,0,b002o3vhxu					
0,0,0.0,0,b002o3vhxu					
0,0,0.0,0,b002o3vhxu					
0,0,0.0,0,b002o3vhxu					
0,0,0.0,0,b00437ji8q					
0,0,0.0,0,b00437ji8q					
0,0,0.0,0,b00437ji8q					
0,0,0.0,0,b00437ji8q					
0,0,0.0,0,b00437ji8q					
0,0,0.0,0,b0041qjsjs					
0,0,0.0,0,b0041qjsjs					
0,0,0.0,0,b0041qjsjs					
0,0,0.0,0,b0041qjsjs					
0,0,0.0,0,b0041qjsjs					
0,0,0.0,0,b001sb099m					
0,0,0.0,0,b000u9v5au					
0,0,0.0,0,b002j2do8w					
0,0,0.0,0,b001lmnxfa					
0,0,0.0,0,b001lmnxfa					
0,0,0.0,0,b000sej84m					
0,0,0.0,0,b0029owdau					
0,0,0.0,0,b00067ad4u					
0,0,0.0,0,b00067ad4u					
0,0,0.0,0,b00067ad4u					
0,0,0.0,0,b00067ad4u					
0,0,0.0,0,b000hkyp9a					
0,0,0.0,0,b000hkyp9a					
0,0,0.0,0,b000hkyp9a					
0,0,0.0,0,b000hkyp9a					
0,0,0.0,0,b000hkyp9a					
0,0,0.0,0,b000hkyp9a					
0,0,0.0,0,b000hkyp9a					
0,0,0.0,0,b000hkyp9a					
0,0,0.0,0,b0067ldv66					
0,0,0.0,0,b0067ldv66					
0,0,0.0,0,b002srau80					
0,0,0.0,0,b00469vsji					
0,0,0.0,0,b00469vsji					
0,0,0.0,0,b00469vsji					
0,0,0.0,0,b007dj0o9i					
0,0,0.0,0,b007dj0o9i					
0,0,0.0,0,b003vtn95k					
0,0,0.0,0,b003vtn95k					
0,0,0.0,0,b003vtn95k					
0,0,0.0,0,b003vtn95k					
0,0,0.0,0,b003vtn95k					
0,0,0.0,0,b003vtn95k					
0,0,0.0,0,b000jehahs					
0,0,0.0,0,b000jehahs					
0,0,0.0,0,b000jehahs					
0,0,0.0,0,b000jehahs					
0,0,0.0,0,b004oybn7c					
0,0,0.0,0,b001fb69yy					
0,0,0.0,0,b00283tpye					
0,0,0.0,0,b000o9y62a					
0,0,0.0,0,b000o9y62a					
0,0,0.0,0,b001epq0j0					
0,0,0.0,0,b001epq0j0					
0,0,0.0,0,b001epq0j0					
0,0,0.0,0,b002x9jnyu					
0,0,0.0,0,b003ydp5pa					
0,0,0.0,0,b003ydp5pa					
0,0,0.0,0,b003ydp5pa					
0,0,0.0,0,b003ydp5pa					
0,0,0.0,0,b0064kouni					
0,0,0.0,0,b003emu7eu					
0,0,0.0,0,b001ujen6c					
0,0,0.0,0,b001ujen6c					
0,0,0.0,0,b001ujen6c					
0,0,0.0,0,b001ujen6c					
0,0,0.0,0,b001ujen6c					
0,0,0.0,0,b001ujen6c					
0,0,0.0,0,b001ujen6c					
0,0,0.0,0,b001ujen6c					
0,0,0.0,0,b001ujen6c					
0,0,0.0,0,b001ujen6c					
0,0,0.0,0,b001ujen6c					
0,0,0.0,0,b001ujen6c					
0,0,0.0,0,b001ujen6c					
0,0,0.0,0,b001ujen6c					
0,0,0.0,0,b001ujen6c					
0,0,0.0,0,b001ujen6c					
0,0,0.0,0,b001ujen6c					
0,0,0.0,0,b001ujen6c					
0,0,0.0,0,b001ujen6c					
0,0,0.0,0,b000h13270					
0,0,0.0,0,b000h13270					
0,0,0.0,0,b000h13270					
0,0,0.0,0,b000h13270					
0,0,0.0,0,b001d07ipg					
0,0,0.0,0,b001d07ipg					
0,0,0.0,0,b001d07ipg					
0,0,0.0,0,b001d07ipg					
0,0,0.0,0,b001d07ipg					
0,0,0.0,0,b001d07ipg					
0,0,0.0,0,b000lkzk7c					
0,0,0.0,0,b000lkzk7c					
0,0,0.0,0,b000lkzk7c					
0,0,0.0,0,b000lkzk7c					
0,0,0.0,0,b000lkzk7c					
0,0,0.0,0,b000lkzk7c					
0,0,0.0,0,b000lkzk7c					
0,0,0.0,0,b000lkzk7c					
0,0,0.0,0,b000lkzk7c					
0,0,0.0,0,b000lkzk7c					
0,0,0.0,0,b000lkzk7c					
0,0,0.0,0,b000lkzk7c					
0,0,0.0,0,b000lkzk7c					
0,0,0.0,0,b000lkzk7c					
0,0,0.0,0,b000lkzk7c					
0,0,0.0,0,b002mv23xm					
0,0,0.0,0,b002mv23xm					
0,0,0.0,0,b00473rwxy					
0,0,0.0,0,b00821un4m					
0,0,0.0,0,b00821un4m					
0,0,0.0,0,b0025wian0					
0,0,0.0,0,b0048ic328					
0,0,0.0,0,b0048ic328					
0,0,0.0,0,b0048ic328					
0,0,0.0,0,b0002567iw					
0,0,0.0,0,b0017129dc					
0,0,0.0,0,b007j32wx4					
0,0,0.0,0,b000ggkqso					
0,0,0.0,0,b007tfonh0					
0,0,0.0,0,b007tfonh0					
0,0,0.0,0,b007tfonh0					
0,0,0.0,0,b001eo5zmy					
0,0,0.0,0,b001eo5zmy					
0,0,0.0,0,b001eo5zmy					
0,0,0.0,0,b001eo5zmy					
0,0,0.0,0,b001eo5zmy					
0,0,0.0,0,b001eo5zmy					
0,0,0.0,0,b0093niwvo					
0,0,0.0,0,b001eo5zme					
0,0,0.0,0,b000wfrmrw					
0,0,0.0,0,b000wfrmrw					
0,0,0.0,0,b001htl6cy					
0,0,0.0,0,b003zfxjdw					
0,0,0.0,0,b003zfxjdw					
0,0,0.0,0,b003zfxjdw					
0,0,0.0,0,b003so503c					
0,0,0.0,0,b003so503c					
0,0,0.0,0,b001l4elrw					
0,0,0.0,0,b007jfv6rk					
0,0,0.0,0,b007jfv6rk					
0,0,0.0,0,b007jfv6rk					
0,0,0.0,0,b001satu8e					
0,0,0.0,0,b001eo5zmo					
0,0,0.0,0,b001eo5zmo					
0,0,0.0,0,b001eo5zmo					
0,0,0.0,0,b001eo5zmo					
0,0,0.0,0,b001eo5zmo					
0,0,0.0,0,b001eo5zmo					
0,0,0.0,0,b001eo5zmo					
0,0,0.0,0,b0040wag7q					
0,0,0.0,0,b002tdk0vk					
0,0,0.0,0,b002tdk0vk					
0,0,0.0,0,b002tdk0vk					
0,0,0.0,0,b0009xlvga					
0,0,0.0,0,b0009xlvga					
0,0,0.0,0,b0009xlvga					
0,0,0.0,0,b0009xlvga					
0,0,0.0,0,b0009xlvga					
0,0,0.0,0,b0028c44z0					
0,0,0.0,0,b0028c44z0					
0,0,0.0,0,b0028c44z0					
0,0,0.0,0,b0028c44z0					
0,0,0.0,0,b0028c44z0					
0,0,0.0,0,b0028c44z0					
0,0,0.0,0,b0028c44z0					
0,0,0.0,0,b0028c44z0					
0,0,0.0,0,b0028c44z0					
0,0,0.0,0,b0028c44z0					
0,0,0.0,0,b0028c44z0					
0,0,0.0,0,b0028c44z0					
0,0,0.0,0,b0028c44z0					
0,0,0.0,0,b0028c44z0					
0,0,0.0,0,b0028c44z0					
0,0,0.0,0,b0028c44z0					
0,0,0.0,0,b004v6ah34					
0,0,0.0,0,b004v6ah34					
0,0,0.0,0,b004v6ah34					
0,0,0.0,0,b004v6ah34					
0,0,0.0,0,b004v6ah34					
0,0,0.0,0,b00029xizi					
0,0,0.0,0,b000ny8ods					
0,0,0.0,0,b001kuunp6					
0,0,0.0,0,b001kuunp6					
0,0,0.0,0,b001kuunp6					
0,0,0.0,0,b005cjvvj8					
0,0,0.0,0,b005cjvvj8					
0,0,0.0,0,b005cjvvj8					
0,0,0.0,0,b005cjvvj8					
0,0,0.0,0,b0025vrcjy					
0,0,0.0,0,b0025vrcjy					
0,0,0.0,0,b0025vrcjy					
0,0,0.0,0,b0025vrcjy					
0,0,0.0,0,b0025vrcjy					
0,0,0.0,0,b0081xn2hq					
0,0,0.0,0,b001iukd76					
0,0,0.0,0,b001iukd76					
0,0,0.0,0,b0064ko0bu					
0,0,0.0,0,b0064ko0bu					
0,0,0.0,0,b0064ko0bu					
0,0,0.0,0,b007b9j6g2					
0,0,0.0,0,b003tqqkfq					
0,0,0.0,0,b003tqqkfq					
0,0,0.0,0,b000itvle2					
0,0,0.0,0,b000itvle2					
0,0,0.0,0,b000itvle2					
0,0,0.0,0,b000itvle2					
0,0,0.0,0,b000itvle2					
0,0,0.0,0,b000itvle2					
0,0,0.0,0,b000itvle2					
0,0,0.0,0,b0036vm05i					
0,0,0.0,0,b0036vm05i					
0,0,0.0,0,b000sv90j8					
0,0,0.0,0,b000sv90j8					
0,0,0.0,0,b002hqaxuw					
0,0,0.0,0,b005p0hhgk					
0,0,0.0,0,b00374xsvy					
0,0,0.0,0,b00374xsvy					
0,0,0.0,0,b0037zfew4					
0,0,0.0,0,b0064ku9ho					
0,0,0.0,0,b0017i8ume					
0,0,0.0,0,b0017i8ume					
0,0,0.0,0,b0017i8ume					
0,0,0.0,0,b001gvisjw					
0,0,0.0,0,b001gvisjw					
0,0,0.0,0,b001gvisjw					
0,0,0.0,0,b001gvisjw					
0,0,0.0,0,b001gvisjw					
0,0,0.0,0,b002sryre8					
0,0,0.0,0,b002sryre8					
0,0,0.0,0,b002sryre8					
0,0,0.0,0,b002sryre8					
0,0,0.0,0,b003ob0ib8					
0,0,0.0,0,b003ob0ib8					
0,0,0.0,0,b003ob0ib8					
0,0,0.0,0,b003ob0ib8					
0,0,0.0,0,b003ob0ib8					
0,0,0.0,0,b003ob0ib8					
0,0,0.0,0,b003ob0ib8					
0,0,0.0,0,b003ob0ib8					
0,0,0.0,0,b003ob0ib8					
0,0,0.0,0,b003se19uk					
0,0,0.0,0,b003se19uk					
0,0,0.0,0,b003se19uk					
0,0,0.0,0,b003se19uk					
0,0,0.0,0,b003se19uk					
0,0,0.0,0,b003se19uk					
0,0,0.0,0,b003se19uk					
0,0,0.0,0,b003se19uk					
0,0,0.0,0,b003se19uk					
0,0,0.0,0,b0026y3ybk					
0,0,0.0,0,b0026y3ybk					
0,0,0.0,0,b0037lw78c					
0,0,0.0,0,b0037lw78c					
0,0,0.0,0,b0037lw78c					
0,0,0.0,0,b0037lw78c					
0,0,0.0,0,b0037lw78c					
0,0,0.0,0,b000j0hit2					
0,0,0.0,0,b001reeg6c					
0,0,0.0,0,b001reeg6c					
0,0,0.0,0,b001reeg6c					
0,0,0.0,0,b004k2ihuo					
0,0,0.0,0,b004k2ihuo					
0,0,0.0,0,b004k2ihuo					
0,0,0.0,0,b004k2ihuo					
0,0,0.0,0,b004k2ihuo					
0,0,0.0,0,b004k2ihuo					
0,0,0.0,0,b004k2ihuo					
0,0,0.0,0,b0019cw0he					
0,0,0.0,0,b0019cw0he					
0,0,0.0,0,b0019cw0he					
0,0,0.0,0,b0019cw0he					
0,0,0.0,0,b0019cw0he					
0,0,0.0,0,b0019cw0he					
0,0,0.0,0,b0019cw0he					
0,0,0.0,0,b0019cw0he					
0,0,0.0,0,b0019cw0he					
0,0,0.0,0,b0019cw0he					
0,0,0.0,0,b0019cw0he					
0,0,0.0,0,b0019cw0he					
0,0,0.0,0,b0019cw0he					
0,0,0.0,0,b0019cw0he					
0,0,0.0,0,b0019cw0he					
0,0,0.0,0,b0019cw0he					
0,0,0.0,0,b0019cw0he					
0,0,0.0,0,b003zfrkgo					
0,0,0.0,0,b0066dmi6y					
0,0,0.0,0,b0066dmi6y					
0,0,0.0,0,b005r8je8o					
0,0,0.0,0,b004x2kr36					
0,0,0.0,0,b004x2kr36					
0,0,0.0,0,b004x2kr36					
0,0,0.0,0,b001eppi84					
0,0,0.0,0,b001eppi84					
0,0,0.0,0,b0059wxjkm					
0,0,0.0,0,b006sqbrma					
0,0,0.0,0,b001gvisjc					
0,0,0.0,0,b001gvisjc					
0,0,0.0,0,b000e7vi7s					
0,0,0.0,0,b000e7vi7s					
0,0,0.0,0,b005dum9uq					
0,0,0.0,0,b005dum9uq					
0,0,0.0,0,b005dum9uq					
0,0,0.0,0,b005dum9uq					
0,0,0.0,0,b005dum9uq					
0,0,0.0,0,b001eo5tpm					
0,0,0.0,0,b004n5kulm					
0,0,0.0,0,b004n5kulm					
0,0,0.0,0,b004n5kulm					
0,0,0.0,0,b004n5kulm					
0,0,0.0,0,b004n5kulm					
0,0,0.0,0,b004n5kulm					
0,0,0.0,0,b002gwhc0g					
0,0,0.0,0,b002gwhc0g					
0,0,0.0,0,b000g6rpmy					
0,0,0.0,0,b000g6rpmy					
0,0,0.0,0,b000g6rpmy					
0,0,0.0,0,b001eo5qw8					
0,0,0.0,0,b001eo5qw8					
0,0,0.0,0,b001eo5qw8					
0,0,0.0,0,b001eo5qw8					
0,0,0.0,0,b001eo5qw8					
0,0,0.0,0,b001eo5qw8					
0,0,0.0,0,b001eo5qw8					
0,0,0.0,0,b001eo5qw8					
0,0,0.0,0,b001eo5qw8					
0,0,0.0,0,b001eo5qw8					
0,0,0.0,0,b001eo5qw8					
0,0,0.0,0,b001eo5qw8					
0,0,0.0,0,b001eo5qw8					
0,0,0.0,0,b001eo5qw8					
0,0,0.0,0,b001eo5qw8					
0,0,0.0,0,b001eo5qw8					
0,0,0.0,0,b001eo5qw8					
0,0,0.0,0,b001eo5qw8					
0,0,0.0,0,b001eo5qw8					
0,0,0.0,0,b003f6uo7k					
0,0,0.0,0,b003f6uo7k					
0,0,0.0,0,b0001pb9fy					
0,0,0.0,0,b00144c10s					
0,0,0.0,0,b001gvisjm					
0,0,0.0,0,b001gvisjm					
0,0,0.0,0,b001gvisjm					
0,0,0.0,0,b001gvisjm					
0,0,0.0,0,b001gvisjm					
0,0,0.0,0,b001gvisjm					
0,0,0.0,0,b001gvisjm					
0,0,0.0,0,b001gvisjm					
0,0,0.0,0,b001gvisjm					
0,0,0.0,0,b001gvisjm					
0,0,0.0,0,b001gvisjm					
0,0,0.0,0,b001gvisjm					
0,0,0.0,0,b001gvisjm					
0,0,0.0,0,b001gvisjm					
0,0,0.0,0,b001gvisjm					
0,0,0.0,0,b0009xlvg0					
0,0,0.0,0,b0009xlvg0					
0,0,0.0,0,b0001pb9fe					
0,0,0.0,0,b00171apva					
0,0,0.0,0,b000e7l2r4					
0,0,0.0,0,b006k2zz7k					
0,0,0.0,0,b006k2zz7k					
0,0,0.0,0,b006k2zz7k					
0,0,0.0,0,b006k2zz7k					
0,0,0.0,0,b000ua0qiq					
0,0,0.0,0,b000lqoch0					
0,0,0.0,0,b00813grg4					
0,0,0.0,0,b001e4kfg0					
 #t